t    pred_id is_static n_traj n_pts  pos(x,y) vel(x,y,spd) traj_first_pt
  0.00       7673    True     0     0 (423446.67,4437610.95) (0.00,-0.00,0.00) 
  0.10       7673    True     0     0 (423446.67,4437610.95) (0.00,-0.00,0.00) 
  0.20       7673    True     0     0 (423446.67,4437610.95) (0.00,-0.00,0.00) 
  0.30       7673    True     0     0 (423446.67,4437610.95) (0.00,-0.00,0.00) 
  0.40       7673    True     0     0 (423446.67,4437610.95) (0.00,-0.00,0.00) 
  0.50       7673    True     0     0 (423446.67,4437610.95) (0.00,-0.00,0.00) 
  0.60       7673    True     0     0 (423446.67,4437610.95) (0.00,-0.00,0.00) 
  0.70       7673    True     0     0 (423446.67,4437610.95) (0.00,-0.00,0.00) 
  0.80       7673    True     0     0 (423446.67,4437610.95) (0.00,-0.00,0.00) 
  0.90       7673    True     0     0 (423446.67,4437610.95) (0.00,-0.00,0.00) 
  1.00       7673    True     0     0 (423446.67,4437610.95) (0.00,-0.00,0.00) 
  1.10       7673    True     0     0 (423446.67,4437610.95) (0.00,-0.00,0.00) 
  1.20       7673    True     0     0 (423446.67,4437610.95) (0.00,-0.00,0.00) 
  1.30       7673    True     0     0 (423446.67,4437610.95) (0.00,-0.00,0.00) 
  1.40       7673    True     0     0 (423446.67,4437610.95) (0.00,-0.00,0.00) 
  1.50       7673    True     0     0 (423446.67,4437610.95) (0.00,-0.00,0.00) 
  1.60       7673    True     0     0 (423446.67,4437610.95) (0.00,-0.00,0.00) 
  1.70       7673    True     0     0 (423446.67,4437610.95) (0.00,-0.00,0.00) 
  1.80       7673    True     0     0 (423446.67,4437610.95) (0.00,-0.00,0.00) 
  1.90       7673    True     0     0 (423446.67,4437610.95) (0.00,-0.00,0.00) 
  2.00       7673    True     0     0 (423446.67,4437610.95) (0.00,-0.00,0.00) 
  2.10       7673    True     0     0 (423446.67,4437610.95) (0.00,-0.00,0.00) 
  2.20       7673    True     0     0 (423446.67,4437610.95) (0.00,-0.00,0.00) 
  2.30       7673    True     0     0 (423446.67,4437610.95) (0.00,-0.00,0.00) 
  2.40       7673    True     0     0 (423446.67,4437610.95) (0.00,-0.00,0.00) 
  2.50       7673    True     0     0 (423446.67,4437610.95) (0.00,-0.00,0.00) 
  2.60       7673    True     0     0 (423446.67,4437610.95) (0.00,-0.00,0.00) 
  2.70       7673    True     0     0 (423446.67,4437610.95) (0.00,-0.00,0.00) 
  2.80       7673    True     0     0 (423446.67,4437610.95) (0.00,-0.00,0.00) 
  2.90       7673    True     0     0 (423446.67,4437610.95) (0.00,-0.00,0.00) 
  3.00       7673    True     0     0 (423446.67,4437610.95) (0.00,-0.00,0.00) 
  3.10       7673    True     0     0 (423446.67,4437610.95) (0.00,-0.00,0.00) 
  3.20       7673    True     0     0 (423446.67,4437610.95) (0.00,-0.00,0.00) 
  3.30       7673    True     0     0 (423446.67,4437610.95) (0.00,-0.00,0.00) 
  3.40       7673    True     0     0 (423446.67,4437610.95) (0.00,-0.00,0.00) 
  3.50       7673    True     0     0 (423446.67,4437610.95) (0.00,-0.00,0.00) 
  3.60       7673    True     0     0 (423446.67,4437610.95) (0.00,-0.00,0.00) 
  3.70       7673    True     0     0 (423446.67,4437610.95) (0.00,-0.00,0.00) 
  3.80       7673    True     0     0 (423446.67,4437610.95) (0.00,-0.00,0.00) 
  3.90       7673    True     0     0 (423446.67,4437610.95) (0.00,-0.00,0.00) 
  4.00       7673    True     0     0 (423446.67,4437610.95) (0.00,-0.00,0.00) 
  4.10       7673    True     0     0 (423446.67,4437610.95) (0.00,-0.00,0.00) 
  4.20       7673    True     0     0 (423446.67,4437610.95) (0.00,-0.00,0.00) 
  4.30       7673    True     0     0 (423446.67,4437610.95) (0.00,-0.00,0.00) 
  4.40       7673    True     0     0 (423446.67,4437610.95) (0.00,-0.00,0.00) 
  4.50       7673    True     0     0 (423446.67,4437610.95) (0.00,-0.00,0.00) 
  4.60       7673    True     0     0 (423446.67,4437610.95) (0.00,-0.00,0.00) 
  4.70       7673    True     0     0 (423446.67,4437610.95) (0.00,-0.00,0.00) 
  4.80       7673    True     0     0 (423446.67,4437610.95) (0.00,-0.00,0.00) 
  4.90       7673    True     0     0 (423446.67,4437610.95) (0.00,-0.00,0.00) 
  5.00       7673    True     0     0 (423446.67,4437610.95) (0.00,-0.00,0.00) 
  5.10       7673    True     0     0 (423446.67,4437610.95) (0.00,-0.00,0.00) 
  5.20       7673    True     0     0 (423446.67,4437610.95) (0.00,-0.00,0.00) 
  5.30       7673    True     0     0 (423446.67,4437610.95) (0.00,-0.00,0.00) 
  5.40       7673    True     0     0 (423446.67,4437610.95) (0.00,-0.00,0.00) 
  5.50       7673    True     0     0 (423446.67,4437610.95) (0.00,-0.00,0.00) 
  5.60       7673    True     0     0 (423446.67,4437610.95) (0.00,-0.00,0.00) 
  5.70       7673    True     0     0 (423446.67,4437610.95) (0.00,-0.00,0.00) 
  5.80       7673    True     0     0 (423446.67,4437610.95) (0.00,-0.00,0.00) 
  5.90       7673    True     0     0 (423446.67,4437610.95) (0.00,-0.00,0.00) 
  6.00       7673    True     0     0 (423446.67,4437610.95) (0.00,-0.00,0.00) 
  6.10       7673    True     0     0 (423446.67,4437610.95) (0.00,-0.00,0.00) 
  6.20       7673    True     0     0 (423446.67,4437610.95) (0.00,-0.00,0.00) 
  6.30       7673    True     0     0 (423446.67,4437610.95) (0.00,-0.00,0.00) 
  6.40       7673    True     0     0 (423446.67,4437610.95) (0.00,-0.00,0.00) 
  6.50       7673    True     0     0 (423446.67,4437610.95) (0.00,-0.00,0.00) 
  6.60       7673    True     0     0 (423446.67,4437610.95) (0.00,-0.00,0.00) 
  6.70       7673    True     0     0 (423446.67,4437610.95) (0.00,-0.00,0.00) 
  6.80       7673    True     0     0 (423446.67,4437610.95) (0.00,-0.00,0.00) 
  6.90       7673    True     0     0 (423446.67,4437610.95) (0.00,-0.00,0.00) 
  7.00       7673    True     0     0 (423446.67,4437610.95) (0.00,-0.00,0.00) 
  7.10       7673    True     0     0 (423446.67,4437610.95) (0.00,-0.00,0.00) 
  7.20       7673    True     0     0 (423446.67,4437610.95) (0.00,-0.00,0.00) 
  7.30       7673    True     0     0 (423446.67,4437610.95) (0.00,-0.00,0.00) 
  7.40       7673    True     0     0 (423446.67,4437610.95) (0.00,-0.00,0.00) 
  7.50       7673    True     0     0 (423446.67,4437610.95) (0.00,-0.00,0.00) 
  7.60       7673    True     0     0 (423446.67,4437610.95) (0.00,-0.00,0.00) 
  7.70       7673    True     0     0 (423446.67,4437610.95) (0.00,-0.00,0.00) 
  7.80       7673    True     0     0 (423446.67,4437610.95) (0.00,-0.00,0.00) 
  7.90       7673    True     0     0 (423446.67,4437610.95) (0.00,-0.00,0.00) 
  8.00       7673    True     0     0 (423446.67,4437610.95) (0.00,-0.00,0.00) 
  8.10       7673    True     0     0 (423446.67,4437610.95) (0.00,-0.00,0.00) 
  8.20       7673    True     0     0 (423446.67,4437610.95) (0.00,-0.00,0.00) 
  8.30       7673    True     0     0 (423446.67,4437610.95) (0.00,-0.00,0.00) 
  8.40       7673    True     0     0 (423446.67,4437610.95) (0.00,-0.00,0.00) 
  8.50       7673    True     0     0 (423446.67,4437610.95) (0.00,-0.00,0.00) 
  8.60       7673    True     0     0 (423446.67,4437610.95) (0.00,-0.00,0.00) 
  8.70       7673    True     0     0 (423446.67,4437610.95) (0.00,-0.00,0.00) 
  8.80       7673    True     0     0 (423446.67,4437610.95) (0.00,-0.00,0.00) 
  8.90       7673    True     0     0 (423446.67,4437610.95) (0.00,-0.00,0.00) 
  9.00       7673    True     0     0 (423446.67,4437610.95) (0.00,-0.00,0.00) 
  9.10       7673    True     0     0 (423446.67,4437610.95) (0.00,-0.00,0.00) 
  9.20       7673    True     0     0 (423446.67,4437610.95) (0.00,-0.00,0.00) 
  9.30       7673    True     0     0 (423446.67,4437610.95) (0.00,-0.00,0.00) 
  9.40       7673    True     0     0 (423446.67,4437610.95) (0.00,-0.00,0.00) 
  9.50       7673    True     0     0 (423446.67,4437610.95) (0.00,-0.00,0.00) 
  9.60       7673    True     0     0 (423446.67,4437610.95) (0.00,-0.00,0.00) 
  9.70       7673    True     0     0 (423446.67,4437610.95) (0.00,-0.00,0.00) 
  9.80       7673    True     0     0 (423446.67,4437610.95) (0.00,-0.00,0.00) 
  9.90       7673    True     0     0 (423446.67,4437610.95) (0.00,-0.00,0.00) 
 10.00       7673    True     0     0 (423446.67,4437610.95) (0.00,-0.00,0.00) 
 10.10       7673    True     0     0 (423446.67,4437610.95) (0.00,-0.00,0.00) 
 10.20       7673    True     0     0 (423446.67,4437610.95) (0.00,-0.00,0.00) 
 10.30       7673    True     0     0 (423446.67,4437610.95) (0.00,-0.00,0.00) 
 10.40       7673    True     0     0 (423446.67,4437610.95) (0.00,-0.00,0.00) 
 10.50       7673    True     0     0 (423446.67,4437610.95) (0.00,-0.00,0.00) 
 10.60       7673    True     0     0 (423446.67,4437610.95) (0.00,-0.00,0.00) 
 10.70       7673    True     0     0 (423446.67,4437610.95) (0.00,-0.00,0.00) 
 10.80       7673    True     0     0 (423446.67,4437610.95) (0.00,-0.00,0.00) 
 10.90       7673    True     0     0 (423446.67,4437610.95) (0.00,-0.00,0.00) 
 11.00       7673    True     0     0 (423446.67,4437610.95) (0.00,-0.00,0.00) 
 11.10       7673    True     0     0 (423446.67,4437610.95) (0.00,-0.00,0.00) 
 11.20       7673    True     0     0 (423446.67,4437610.95) (0.00,-0.00,0.00) 
 11.30       7673    True     0     0 (423446.67,4437610.95) (0.00,-0.00,0.00) 
 11.40       7673    True     0     0 (423446.67,4437610.95) (0.00,-0.00,0.00) 
 11.50       7673    True     0     0 (423446.67,4437610.95) (0.00,-0.00,0.00) 
 11.60       7673    True     0     0 (423446.67,4437610.95) (0.00,-0.00,0.00) 
 11.70       7673    True     0     0 (423446.67,4437610.95) (0.00,-0.00,0.00) 
 11.80       7673    True     0     0 (423446.67,4437610.95) (0.00,-0.00,0.00) 
 11.90       7673    True     0     0 (423446.67,4437610.95) (0.00,-0.00,0.00) 
 12.00       7673    True     0     0 (423446.67,4437610.95) (0.00,-0.00,0.00) 
 12.10       7673    True     0     0 (423446.67,4437610.95) (0.00,-0.00,0.00) 
 12.20       7673    True     0     0 (423446.67,4437610.95) (0.00,-0.00,0.00) 
 12.30       7673    True     0     0 (423446.67,4437610.95) (0.00,-0.00,0.00) 
 12.40       7673    True     0     0 (423446.67,4437610.95) (0.00,-0.00,0.00) 
 12.50       7673    True     0     0 (423446.67,4437610.95) (0.00,-0.00,0.00) 
 12.60       7673    True     0     0 (423446.67,4437610.95) (0.00,-0.00,0.00) 
 12.70       7673    True     0     0 (423446.67,4437610.95) (0.00,-0.00,0.00) 
 12.80       7673    True     0     0 (423446.67,4437610.95) (0.00,-0.00,0.00) 
 12.90       7673    True     0     0 (423446.67,4437610.95) (0.00,-0.00,0.00) 
 13.00       7673    True     0     0 (423446.67,4437610.95) (0.00,-0.00,0.00) 
 13.10       7673    True     0     0 (423446.67,4437610.95) (0.00,-0.00,0.00) 
 13.20       7673    True     0     0 (423446.67,4437610.95) (0.00,-0.00,0.00) 
 13.30       7673    True     0     0 (423446.67,4437610.95) (0.00,-0.00,0.00) 
 13.40       7673    True     0     0 (423446.67,4437610.95) (0.00,-0.00,0.00) 
 13.50       7673    True     0     0 (423446.67,4437610.95) (0.00,-0.00,0.00) 
 13.60       7673    True     0     0 (423446.67,4437610.95) (0.00,-0.00,0.00) 
 13.70       7673    True     0     0 (423446.67,4437610.95) (0.00,-0.00,0.00) 
 13.80       7673    True     0     0 (423446.67,4437610.95) (0.00,-0.00,0.00) 
 13.90       7673    True     0     0 (423446.67,4437610.95) (0.00,-0.00,0.00) 
 14.00       7673    True     0     0 (423446.67,4437610.95) (0.00,-0.00,0.00) 
 14.10       7673    True     0     0 (423446.67,4437610.95) (0.00,-0.00,0.00) 
 14.20       7673    True     0     0 (423446.67,4437610.95) (0.00,-0.00,0.00) 
 14.30       7673    True     0     0 (423446.67,4437610.95) (0.00,-0.00,0.00) 
 14.40       7673    True     0     0 (423446.67,4437610.95) (0.00,-0.00,0.00) 
 14.50       7673    True     0     0 (423446.67,4437610.95) (0.00,-0.00,0.00) 
 14.60       7673    True     0     0 (423446.67,4437610.95) (0.00,-0.00,0.00) 
 14.70       7673    True     0     0 (423446.67,4437610.95) (0.00,-0.00,0.00) 
 14.80       7673    True     0     0 (423446.67,4437610.95) (0.00,-0.00,0.00) 
 14.90       7673    True     0     0 (423446.67,4437610.95) (0.00,-0.00,0.00) 
 15.00       7673    True     0     0 (423446.67,4437610.95) (0.00,-0.00,0.00) 
 15.10       7673    True     0     0 (423446.67,4437610.95) (0.00,-0.00,0.00) 
 15.20       7673    True     0     0 (423446.67,4437610.95) (0.00,-0.00,0.00) 
 15.30       7673    True     0     0 (423446.67,4437610.95) (0.00,-0.00,0.00) 
 15.40       7673    True     0     0 (423446.67,4437610.95) (0.00,-0.00,0.00) 
 15.50       7673    True     0     0 (423446.67,4437610.95) (0.00,-0.00,0.00) 
 15.60       7673    True     0     0 (423446.67,4437610.95) (0.00,-0.00,0.00) 
 15.70       7673    True     0     0 (423446.67,4437610.95) (0.00,-0.00,0.00) 
 15.80       7673    True     0     0 (423446.67,4437610.95) (0.00,-0.00,0.00) 
 15.90       7673    True     0     0 (423446.67,4437610.95) (0.00,-0.00,0.00) 
 16.00       7673    True     0     0 (423446.67,4437610.95) (0.00,-0.00,0.00) 
 16.10       7673    True     0     0 (423446.67,4437610.95) (0.00,-0.00,0.00) 
 16.20       7673    True     0     0 (423446.67,4437610.95) (0.00,-0.00,0.00) 
 16.30       7673    True     0     0 (423446.67,4437610.95) (0.00,-0.00,0.00) 
 16.40       7673    True     0     0 (423446.67,4437610.95) (0.00,-0.00,0.00) 
 16.50       7673    True     0     0 (423446.67,4437610.95) (0.00,-0.00,0.00) 
 16.60       7673    True     0     0 (423446.67,4437610.95) (0.00,-0.00,0.00) 
 16.70       7673    True     0     0 (423446.67,4437610.95) (0.00,-0.00,0.00) 
 16.80       7673    True     0     0 (423446.67,4437610.95) (0.00,-0.00,0.00) 
 16.90       7673    True     0     0 (423446.67,4437610.95) (0.00,-0.00,0.00) 
 17.00       7673    True     0     0 (423446.67,4437610.95) (0.00,-0.00,0.00) 
 17.10       7673    True     0     0 (423446.67,4437610.95) (0.00,-0.00,0.00) 
 17.20       7673    True     0     0 (423446.67,4437610.95) (0.00,-0.00,0.00) 
 17.30       7673    True     0     0 (423446.67,4437610.95) (0.00,-0.00,0.00) 
 17.40       7673    True     0     0 (423446.67,4437610.95) (0.00,-0.00,0.00) 
 17.50       7673    True     0     0 (423446.67,4437610.95) (0.00,-0.00,0.00) 
 17.60       7673    True     0     0 (423446.67,4437610.95) (0.00,-0.00,0.00) 
 17.70       7673    True     0     0 (423446.67,4437610.95) (0.00,-0.00,0.00) 
 17.80       7673    True     0     0 (423446.67,4437610.95) (0.00,-0.00,0.00) 
 17.90       7673    True     0     0 (423446.67,4437610.95) (0.00,-0.00,0.00) 
 18.00       7673    True     0     0 (423446.67,4437610.95) (0.00,-0.00,0.00) 
 18.10       7673    True     0     0 (423446.67,4437610.95) (0.00,-0.00,0.00) 
 18.20       7673    True     0     0 (423446.67,4437610.95) (0.00,-0.00,0.00) 
 18.30       7673    True     0     0 (423446.67,4437610.95) (0.00,-0.00,0.00) 
 18.40       7673    True     0     0 (423446.67,4437610.95) (0.00,-0.00,0.00) 
 18.50       7673    True     0     0 (423446.67,4437610.95) (0.00,-0.00,0.00) 
 18.60       7673    True     0     0 (423446.67,4437610.95) (0.00,-0.00,0.00) 
 18.70       7673    True     0     0 (423446.67,4437610.95) (0.00,-0.00,0.00) 
 18.80       7673    True     0     0 (423446.67,4437610.95) (0.00,-0.00,0.00) 
 18.90       7673    True     0     0 (423446.67,4437610.95) (0.00,-0.00,0.00) 
 19.00       7673    True     0     0 (423446.67,4437610.95) (0.00,-0.00,0.00) 
 19.10       7673    True     0     0 (423446.67,4437610.95) (0.00,-0.00,0.00) 
 19.20       7673    True     0     0 (423446.67,4437610.95) (0.00,-0.00,0.00) 
 19.30       7673    True     0     0 (423446.67,4437610.95) (0.00,-0.00,0.00) 
 19.40       7673    True     0     0 (423446.67,4437610.95) (0.00,-0.00,0.00) 
 19.50       7673    True     0     0 (423446.67,4437610.95) (0.00,-0.00,0.00) 
 19.60       7673    True     0     0 (423446.67,4437610.95) (0.00,-0.00,0.00) 
 19.70       7673    True     0     0 (423446.67,4437610.95) (0.00,-0.00,0.00) 
 19.80       7673    True     0     0 (423446.67,4437610.95) (0.00,-0.00,0.00) 
 19.90       7673    True     0     0 (423446.67,4437610.95) (0.00,-0.00,0.00) 
 20.00       7673    True     0     0 (423446.67,4437610.95) (0.00,-0.00,0.00) 
 20.10       7673    True     0     0 (423446.67,4437610.95) (0.00,-0.00,0.00) 
 20.20       7673    True     0     0 (423446.67,4437610.95) (0.00,-0.00,0.00) 
 20.30       7673    True     0     0 (423446.67,4437610.95) (0.00,-0.00,0.00) 
 20.40       7673    True     0     0 (423446.67,4437610.95) (0.00,-0.00,0.00) 
 20.50       7673    True     0     0 (423446.67,4437610.95) (0.00,-0.00,0.00) 
 20.60       7673    True     0     0 (423446.67,4437610.95) (0.00,-0.00,0.00) 
 20.70       7673    True     0     0 (423446.67,4437610.95) (0.00,-0.00,0.00) 
 20.80       7673    True     0     0 (423446.67,4437610.95) (0.00,-0.00,0.00) 
 20.90       7673    True     0     0 (423446.67,4437610.95) (0.00,-0.00,0.00) 
 21.00       7673    True     0     0 (423446.67,4437610.95) (0.00,-0.00,0.00) 
 21.10       7673    True     0     0 (423446.67,4437610.95) (0.00,-0.00,0.00) 
 21.20       7673    True     0     0 (423446.67,4437610.95) (0.00,-0.00,0.00) 
 21.30       7673    True     0     0 (423446.67,4437610.95) (0.00,-0.00,0.00) 
 21.40       7673    True     0     0 (423446.67,4437610.95) (0.00,-0.00,0.00) 
 21.50       7673    True     0     0 (423446.67,4437610.95) (0.00,-0.00,0.00) 
 21.60       7673    True     0     0 (423446.67,4437610.95) (0.00,-0.00,0.00) 
 21.70       7673    True     0     0 (423446.67,4437610.95) (0.00,-0.00,0.00) 
 21.80       7673    True     0     0 (423446.67,4437610.95) (0.00,-0.00,0.00) 
 21.90       7673    True     0     0 (423446.67,4437610.95) (0.00,-0.00,0.00) 
 22.00       7673    True     0     0 (423446.67,4437610.95) (0.00,-0.00,0.00) 
 22.10       7673    True     0     0 (423446.67,4437610.95) (0.00,-0.00,0.00) 
 22.20       7673    True     0     0 (423446.67,4437610.95) (0.00,-0.00,0.00) 
 22.30       7673    True     0     0 (423446.67,4437610.95) (0.00,-0.00,0.00) 
 22.40       7673    True     0     0 (423446.67,4437610.95) (0.00,-0.00,0.00) 
 22.50       7673    True     0     0 (423446.67,4437610.95) (0.00,-0.00,0.00) 
 22.60       7673    True     0     0 (423446.67,4437610.95) (0.00,-0.00,0.00) 
 22.70       7673    True     0     0 (423446.67,4437610.95) (0.00,-0.00,0.00) 
 22.80       7673    True     0     0 (423446.67,4437610.95) (0.00,-0.00,0.00) 
 22.90       7673    True     0     0 (423446.67,4437610.95) (0.00,-0.00,0.00) 
 23.00       7673    True     0     0 (423446.67,4437610.95) (0.00,-0.00,0.00) 
 23.10       7673    True     0     0 (423446.67,4437610.95) (0.00,-0.00,0.00) 
 23.20       7673    True     0     0 (423446.67,4437610.95) (0.00,-0.00,0.00) 
 23.30       7673    True     0     0 (423446.67,4437610.95) (0.00,-0.00,0.00) 
 23.40       7673    True     0     0 (423446.67,4437610.95) (0.00,-0.00,0.00) 
 23.50       7673    True     0     0 (423446.67,4437610.95) (0.00,-0.00,0.00) 
 23.60       7673    True     0     0 (423446.67,4437610.95) (0.00,-0.00,0.00) 
 23.70       7673    True     0     0 (423446.67,4437610.95) (0.00,-0.00,0.00) 
 23.80       7673    True     0     0 (423446.67,4437610.95) (0.00,-0.00,0.00) 
 23.90       7673    True     0     0 (423446.67,4437610.95) (0.00,-0.00,0.00) 
 24.00       7673    True     0     0 (423446.67,4437610.95) (0.00,-0.00,0.00) 
 24.10       7673    True     0     0 (423446.67,4437610.95) (0.00,-0.00,0.00) 
 24.20       7673    True     0     0 (423446.67,4437610.95) (0.00,-0.00,0.00) 
 24.30       7673    True     0     0 (423446.67,4437610.95) (0.00,-0.00,0.00) 
 24.40       7673    True     0     0 (423446.67,4437610.95) (0.00,-0.00,0.00) 
 24.50       7673    True     0     0 (423446.67,4437610.95) (0.00,-0.00,0.00) 
 24.60       7673    True     0     0 (423446.67,4437610.95) (0.00,-0.00,0.00) 
 24.70       7673    True     0     0 (423446.67,4437610.95) (0.00,-0.00,0.00) 
 24.80       7673    True     0     0 (423446.67,4437610.95) (0.00,-0.00,0.00) 
 24.90       7673    True     0     0 (423446.67,4437610.95) (0.00,-0.00,0.00) 
 25.00       7673    True     0     0 (423446.67,4437610.95) (0.00,-0.00,0.00) 
 25.10       7673    True     0     0 (423446.67,4437610.95) (0.00,-0.00,0.00) 
 25.20       7673    True     0     0 (423446.67,4437610.95) (0.00,-0.00,0.00) 
 25.30       7673    True     0     0 (423446.67,4437610.95) (0.00,-0.00,0.00) 
 25.40       7673    True     0     0 (423446.67,4437610.95) (0.00,-0.00,0.00) 
 25.50       7673    True     0     0 (423446.67,4437610.95) (0.00,-0.00,0.00) 
 25.60       7673    True     0     0 (423446.67,4437610.95) (0.00,-0.00,0.00) 
 25.70       7673    True     0     0 (423446.67,4437610.95) (0.00,-0.00,0.00) 
 25.80       7673    True     0     0 (423446.67,4437610.95) (0.00,-0.00,0.00) 
 25.90       7673    True     0     0 (423446.67,4437610.95) (0.00,-0.00,0.00) 
 26.00       7673    True     0     0 (423446.67,4437610.95) (0.00,-0.00,0.00) 
 26.10       7673    True     0     0 (423446.67,4437610.95) (0.00,-0.00,0.00) 
 26.20       7673    True     0     0 (423446.67,4437610.95) (0.00,-0.00,0.00) 
 26.30       7673    True     0     0 (423446.67,4437610.95) (0.00,-0.00,0.00) 
 26.40       7673    True     0     0 (423446.67,4437610.95) (0.00,-0.00,0.00) 
 26.50       7673    True     0     0 (423446.67,4437610.95) (0.00,-0.00,0.00) 
 26.60       7673    True     0     0 (423446.67,4437610.95) (0.00,-0.00,0.00) 
 26.70       7673    True     0     0 (423446.67,4437610.95) (0.00,-0.00,0.00) 
 26.80       7673    True     0     0 (423446.67,4437610.95) (0.00,-0.00,0.00) 
 26.90       7673    True     0     0 (423446.67,4437610.95) (0.00,-0.00,0.00) 
 27.00       7673    True     0     0 (423446.67,4437610.95) (0.00,-0.00,0.00) 
 27.10       7673    True     0     0 (423446.67,4437610.95) (0.00,-0.00,0.00) 
 27.20       7673    True     0     0 (423446.67,4437610.95) (0.00,-0.00,0.00) 
 27.30       7673    True     0     0 (423446.67,4437610.95) (0.00,-0.00,0.00) 
 27.40       7673    True     0     0 (423446.67,4437610.95) (0.00,-0.00,0.00) 
 27.50       7673    True     0     0 (423446.67,4437610.95) (0.00,-0.00,0.00) 
 27.60       7673    True     0     0 (423446.67,4437610.95) (0.00,-0.00,0.00) 
 27.70       7673    True     0     0 (423446.67,4437610.95) (0.00,-0.00,0.00) 
 27.80       7673    True     0     0 (423446.67,4437610.95) (0.00,-0.00,0.00) 
 27.90       7673    True     0     0 (423446.67,4437610.95) (0.00,-0.00,0.00) 
 28.00       7673    True     0     0 (423446.67,4437610.95) (0.00,-0.00,0.00) 
 28.10       7673    True     0     0 (423446.67,4437610.95) (0.00,-0.00,0.00) 
 28.20       7673    True     0     0 (423446.67,4437610.95) (0.00,-0.00,0.00) 
 28.30       7673    True     0     0 (423446.67,4437610.95) (0.00,-0.00,0.00) 
 28.40       7673    True     0     0 (423446.67,4437610.95) (0.00,-0.00,0.00) 
 28.50       7673    True     0     0 (423446.67,4437610.95) (0.00,-0.00,0.00) 
 28.60       7673    True     0     0 (423446.67,4437610.95) (0.00,-0.00,0.00) 
 28.70       7673    True     0     0 (423446.67,4437610.95) (0.00,-0.00,0.00) 
 28.80       7673    True     0     0 (423446.67,4437610.95) (0.00,-0.00,0.00) 
 28.90       7673    True     0     0 (423446.67,4437610.95) (0.00,-0.00,0.00) 
 29.00       7673    True     0     0 (423446.67,4437610.95) (0.00,-0.00,0.00) 
 29.10       7673    True     0     0 (423446.67,4437610.95) (0.00,-0.00,0.00) 
 29.20       7673    True     0     0 (423446.67,4437610.95) (0.00,-0.00,0.00) 
 29.30       7673    True     0     0 (423446.67,4437610.95) (0.00,-0.00,0.00) 
 29.40       7673    True     0     0 (423446.67,4437610.95) (0.00,-0.00,0.00) 
 29.50       7673    True     0     0 (423446.67,4437610.95) (0.00,-0.00,0.00) 
 29.60       7673    True     0     0 (423446.67,4437610.95) (0.00,-0.00,0.00) 
 29.70       7673    True     0     0 (423446.67,4437610.95) (0.00,-0.00,0.00) 
 29.80       7673    True     0     0 (423446.67,4437610.95) (0.00,-0.00,0.00) 
 29.90       7673    True     0     0 (423446.67,4437610.95) (0.00,-0.00,0.00) 
 30.00       7673    True     0     0 (423446.67,4437610.95) (0.00,-0.00,0.00) 
 30.10       7673    True     0     0 (423446.67,4437610.95) (0.00,-0.00,0.00) 
 30.20       7673    True     0     0 (423446.67,4437610.95) (0.00,-0.00,0.00) 
 30.30       7673    True     0     0 (423446.67,4437610.95) (0.00,-0.00,0.00) 
 30.40       7673    True     0     0 (423446.67,4437610.95) (0.00,-0.00,0.00) 
 30.50       7673    True     0     0 (423446.67,4437610.95) (0.00,-0.00,0.00) 
 30.60       7673    True     0     0 (423446.67,4437610.95) (0.00,-0.00,0.00) 
 30.70       7673    True     0     0 (423446.67,4437610.95) (0.00,-0.00,0.00) 
 30.80       7673    True     0     0 (423446.67,4437610.95) (0.00,-0.00,0.00) 
 30.90       7673    True     0     0 (423446.67,4437610.95) (0.00,-0.00,0.00) 
 31.00       7673    True     0     0 (423446.67,4437610.95) (0.00,-0.00,0.00) 
 31.10       7673    True     0     0 (423446.67,4437610.95) (0.00,-0.00,0.00) 
 31.20       7673    True     0     0 (423446.67,4437610.95) (0.00,-0.00,0.00) 
 31.30       7673    True     0     0 (423446.67,4437610.95) (0.00,-0.00,0.00) 
 31.40       7673    True     0     0 (423446.67,4437610.95) (0.00,-0.00,0.00) 
 31.50       7673    True     0     0 (423446.67,4437610.95) (0.00,-0.00,0.00) 
 31.60       7673    True     0     0 (423446.67,4437610.95) (0.00,-0.00,0.00) 
 31.70       7673    True     0     0 (423446.67,4437610.95) (0.00,-0.00,0.00) 
 31.80       7673    True     0     0 (423446.67,4437610.95) (0.00,-0.00,0.00) 
 31.90       7673    True     0     0 (423446.67,4437610.95) (0.00,-0.00,0.00) 
 32.00       7673    True     0     0 (423446.67,4437610.95) (0.00,-0.00,0.00) 
 32.10       7673    True     0     0 (423446.67,4437610.95) (0.00,-0.00,0.00) 
 32.20       7673    True     0     0 (423446.67,4437610.95) (0.00,-0.00,0.00) 
 32.30       7673    True     0     0 (423446.67,4437610.95) (0.00,-0.00,0.00) 
 32.40       7673    True     0     0 (423446.67,4437610.95) (0.00,-0.00,0.00) 
 32.50       7673    True     0     0 (423446.67,4437610.95) (0.00,-0.00,0.00) 
 32.60       7673    True     0     0 (423446.67,4437610.95) (0.00,-0.00,0.00) 
 32.70       7673    True     0     0 (423446.67,4437610.95) (0.00,-0.00,0.00) 
 32.80       7673    True     0     0 (423446.67,4437610.95) (0.00,-0.00,0.00) 
 32.90       7673    True     0     0 (423446.67,4437610.95) (0.00,-0.00,0.00) 
 33.00       7673    True     0     0 (423446.67,4437610.95) (0.00,-0.00,0.00) 
 33.10       7673    True     0     0 (423446.67,4437610.95) (0.00,-0.00,0.00) 
 33.20       7673    True     0     0 (423446.67,4437610.95) (0.00,-0.00,0.00) 
 33.30       7673    True     0     0 (423446.67,4437610.95) (0.00,-0.00,0.00) 
 33.40       7673    True     0     0 (423446.67,4437610.95) (0.00,-0.00,0.00) 
 33.50       7673    True     0     0 (423446.67,4437610.95) (0.00,-0.00,0.00) 
 33.60       7673    True     0     0 (423446.67,4437610.95) (0.00,-0.00,0.00) 
 33.70       7673    True     0     0 (423446.67,4437610.95) (0.00,-0.00,0.00) 
 33.80       7673    True     0     0 (423446.67,4437610.95) (0.00,-0.00,0.00) 
 33.90       7673    True     0     0 (423446.67,4437610.95) (0.00,-0.00,0.00) 
 34.00       7673    True     0     0 (423446.67,4437610.95) (0.00,-0.00,0.00) 
 34.10       7673    True     0     0 (423446.67,4437610.95) (0.00,-0.00,0.00) 
 34.20       7673    True     0     0 (423446.67,4437610.95) (0.00,-0.00,0.00) 
 34.30       7673    True     0     0 (423446.67,4437610.95) (0.00,-0.00,0.00) 
 34.40       7673    True     0     0 (423446.67,4437610.95) (0.00,-0.00,0.00) 
 34.50       7673    True     0     0 (423446.67,4437610.95) (0.00,-0.00,0.00) 
 34.60       7673    True     0     0 (423446.67,4437610.95) (0.00,-0.00,0.00) 
 34.70       7673    True     0     0 (423446.67,4437610.95) (0.00,-0.00,0.00) 
 34.80       7673    True     0     0 (423446.67,4437610.95) (0.00,-0.00,0.00) 
 34.90       7673    True     0     0 (423446.67,4437610.95) (0.00,-0.00,0.00) 
 35.00       7673    True     0     0 (423446.67,4437610.95) (0.00,-0.00,0.00) 
 35.10       7673    True     0     0 (423446.67,4437610.95) (0.00,-0.00,0.00) 
 35.20       7673    True     0     0 (423446.67,4437610.95) (0.00,-0.00,0.00) 
 35.30       7673    True     0     0 (423446.67,4437610.95) (0.00,-0.00,0.00) 
 35.40       7673    True     0     0 (423446.67,4437610.95) (0.00,-0.00,0.00) 
 35.50       7673    True     0     0 (423446.67,4437610.95) (0.00,-0.00,0.00) 
 35.60       7673    True     0     0 (423446.67,4437610.95) (0.00,-0.00,0.00) 
 35.70       7673    True     0     0 (423446.67,4437610.95) (0.00,-0.00,0.00) 
 35.80       7673    True     0     0 (423446.67,4437610.95) (0.00,-0.00,0.00) 
 35.90       7673    True     0     0 (423446.67,4437610.95) (0.00,-0.00,0.00) 
 36.00       7673    True     0     0 (423446.67,4437610.95) (0.00,-0.00,0.00) 
 36.10       7673    True     0     0 (423446.67,4437610.95) (0.00,-0.00,0.00) 
 36.20       7673    True     0     0 (423446.67,4437610.95) (0.00,-0.00,0.00) 
 36.30       7673    True     0     0 (423446.67,4437610.95) (0.00,-0.00,0.00) 
 36.40       7673    True     0     0 (423446.67,4437610.95) (0.00,-0.00,0.00) 
 36.50       7673    True     0     0 (423446.67,4437610.95) (0.00,-0.00,0.00) 
 36.60       7673    True     0     0 (423446.67,4437610.95) (0.00,-0.00,0.00) 
 36.70       7673    True     0     0 (423446.67,4437610.95) (0.00,-0.00,0.00) 
 36.80       7673    True     0     0 (423446.67,4437610.95) (0.00,-0.00,0.00) 
 36.90       7673    True     0     0 (423446.67,4437610.95) (0.00,-0.00,0.00) 
 37.00       7673    True     0     0 (423446.67,4437610.95) (0.00,-0.00,0.00) 
 37.10       7673    True     0     0 (423446.67,4437610.95) (0.00,-0.00,0.00) 
 37.20       7673    True     0     0 (423446.67,4437610.95) (0.00,-0.00,0.00) 
 37.30       7673    True     0     0 (423446.67,4437610.95) (0.00,-0.00,0.00) 
 37.40       7673    True     0     0 (423446.67,4437610.95) (0.00,-0.00,0.00) 
 37.50       7673    True     0     0 (423446.67,4437610.95) (0.00,-0.00,0.00) 
 37.60       7673    True     0     0 (423446.67,4437610.95) (0.00,-0.00,0.00) 
 37.70       7673    True     0     0 (423446.67,4437610.95) (0.00,-0.00,0.00) 
 37.80       7673    True     0     0 (423446.67,4437610.95) (0.00,-0.00,0.00) 
 37.90       7673    True     0     0 (423446.67,4437610.95) (0.00,-0.00,0.00) 
 38.00       7673    True     0     0 (423446.67,4437610.95) (0.00,-0.00,0.00) 
 38.10       7673    True     0     0 (423446.67,4437610.95) (0.00,-0.00,0.00) 
 38.20       7673    True     0     0 (423446.67,4437610.95) (0.00,-0.00,0.00) 
 38.30       7673    True     0     0 (423446.67,4437610.95) (0.00,-0.00,0.00) 
 38.40       7673    True     0     0 (423446.67,4437610.95) (0.00,-0.00,0.00) 
 38.50       7673    True     0     0 (423446.67,4437610.95) (0.00,-0.00,0.00) 
 38.60       7673    True     0     0 (423446.67,4437610.95) (0.00,-0.00,0.00) 
 38.70       7673    True     0     0 (423446.67,4437610.95) (0.00,-0.00,0.00) 
 38.80       7673    True     0     0 (423446.67,4437610.95) (0.00,-0.00,0.00) 
 38.90       7673    True     0     0 (423446.67,4437610.95) (0.00,-0.00,0.00) 
 39.00       7673    True     0     0 (423446.67,4437610.95) (0.00,-0.00,0.00) 
 39.10       7673    True     0     0 (423446.67,4437610.95) (0.00,-0.00,0.00) 
 39.20       7673    True     0     0 (423446.67,4437610.95) (0.00,-0.00,0.00) 
 39.30       7673    True     0     0 (423446.67,4437610.95) (0.00,-0.00,0.00) 
 39.40       7673    True     0     0 (423446.67,4437610.95) (0.00,-0.00,0.00) 
 39.50       7673    True     0     0 (423446.67,4437610.95) (0.00,-0.00,0.00) 
 39.60       7673    True     0     0 (423446.67,4437610.95) (0.00,-0.00,0.00) 
 39.70       7673    True     0     0 (423446.67,4437610.95) (0.00,-0.00,0.00) 
 39.80       7673    True     0     0 (423446.67,4437610.95) (0.00,-0.00,0.00) 
 39.90       7673    True     0     0 (423446.67,4437610.95) (0.00,-0.00,0.00) 
 40.00       7673    True     0     0 (423446.67,4437610.95) (0.00,-0.00,0.00) 
 40.10       7673    True     0     0 (423446.67,4437610.95) (0.00,-0.00,0.00) 
 40.20       7673    True     0     0 (423446.67,4437610.95) (0.00,-0.00,0.00) 
 40.30       7673    True     0     0 (423446.67,4437610.95) (0.00,-0.00,0.00) 
 40.40       7673    True     0     0 (423446.67,4437610.95) (0.00,-0.00,0.00) 
 40.50       7673    True     0     0 (423446.67,4437610.95) (0.00,-0.00,0.00) 
 40.60       7673    True     0     0 (423446.67,4437610.95) (0.00,-0.00,0.00) 
 40.70       7673    True     0     0 (423446.67,4437610.95) (0.00,-0.00,0.00) 
 40.80       7673    True     0     0 (423446.67,4437610.95) (0.00,-0.00,0.00) 
 40.90       7673    True     0     0 (423446.67,4437610.95) (0.00,-0.00,0.00) 
 41.00       7673    True     0     0 (423446.67,4437610.95) (0.00,-0.00,0.00) 
 41.10       7673    True     0     0 (423446.67,4437610.95) (0.00,-0.00,0.00) 
 41.20       7673    True     0     0 (423446.67,4437610.95) (0.00,-0.00,0.00) 
 41.30       7673    True     0     0 (423446.67,4437610.95) (0.00,-0.00,0.00) 
 41.40       7673    True     0     0 (423446.67,4437610.95) (0.00,-0.00,0.00) 
 41.50       7673    True     0     0 (423446.67,4437610.95) (0.00,-0.00,0.00) 
 41.60       7673    True     0     0 (423446.67,4437610.95) (0.00,-0.00,0.00) 
 41.70       7673    True     0     0 (423446.67,4437610.95) (0.00,-0.00,0.00) 
 41.80       7673    True     0     0 (423446.67,4437610.95) (0.00,-0.00,0.00) 
 41.90       7673    True     0     0 (423446.67,4437610.95) (0.00,-0.00,0.00) 
 42.00       7673    True     0     0 (423446.67,4437610.95) (0.00,-0.00,0.00) 
 42.10       7673    True     0     0 (423446.67,4437610.95) (0.00,-0.00,0.00) 
 42.20       7673    True     0     0 (423446.67,4437610.95) (0.00,-0.00,0.00) 
 42.30       7673    True     0     0 (423446.67,4437610.95) (0.00,-0.00,0.00) 
 42.40       7673    True     0     0 (423446.67,4437610.95) (0.00,-0.00,0.00) 
 42.50       7673    True     0     0 (423446.67,4437610.95) (0.00,-0.00,0.00) 
 42.60       7673    True     0     0 (423446.67,4437610.95) (0.00,-0.00,0.00) 
 42.70       7673    True     0     0 (423446.67,4437610.95) (0.00,-0.00,0.00) 
 42.80       7673    True     0     0 (423446.67,4437610.95) (0.00,-0.00,0.00) 
 42.90       7673    True     0     0 (423446.67,4437610.95) (0.00,-0.00,0.00) 
 43.00       7673    True     0     0 (423446.67,4437610.95) (0.00,-0.00,0.00) 
 43.10       7673    True     0     0 (423446.67,4437610.95) (0.00,-0.00,0.00) 
 43.20       7673    True     0     0 (423446.67,4437610.95) (0.00,-0.00,0.00) 
 43.30       7673    True     0     0 (423446.67,4437610.95) (0.00,-0.00,0.00) 
 43.40       7673    True     0     0 (423446.67,4437610.95) (0.00,-0.00,0.00) 
 43.50       7673    True     0     0 (423446.67,4437610.95) (0.00,-0.00,0.00) 
 43.60       7673    True     0     0 (423446.67,4437610.95) (0.00,-0.00,0.00) 
 43.70       7673    True     0     0 (423446.67,4437610.95) (0.00,-0.00,0.00) 
 43.80       7673    True     0     0 (423446.67,4437610.95) (0.00,-0.00,0.00) 
 43.90       7673    True     0     0 (423446.67,4437610.95) (0.00,-0.00,0.00) 
 44.00       7673    True     0     0 (423446.67,4437610.95) (0.00,-0.00,0.00) 
 44.10       7673    True     0     0 (423446.67,4437610.95) (0.00,-0.00,0.00) 
 44.20       7673    True     0     0 (423446.67,4437610.95) (0.00,-0.00,0.00) 
 44.30       7673    True     0     0 (423446.67,4437610.95) (0.00,-0.00,0.00) 
 44.40       7673    True     0     0 (423446.67,4437610.95) (0.00,-0.00,0.00) 
 44.50       7673    True     0     0 (423446.67,4437610.95) (0.00,-0.00,0.00) 
 44.60       7673    True     0     0 (423446.67,4437610.95) (0.00,-0.00,0.00) 
 44.70       7673    True     0     0 (423446.67,4437610.95) (0.00,-0.00,0.00) 
 44.80       7673    True     0     0 (423446.67,4437610.95) (0.00,-0.00,0.00) 
 44.90       7673    True     0     0 (423446.67,4437610.95) (0.00,-0.00,0.00) 
 45.00       7673    True     0     0 (423446.67,4437610.95) (0.00,-0.00,0.00) 
 45.10       7673    True     0     0 (423446.67,4437610.95) (0.00,-0.00,0.00) 
 45.20       7673    True     0     0 (423446.67,4437610.95) (0.00,-0.00,0.00) 
 45.30       7673    True     0     0 (423446.67,4437610.95) (0.00,-0.00,0.00) 
 45.40       7673    True     0     0 (423446.67,4437610.95) (0.00,-0.00,0.00) 
 45.50       7673    True     0     0 (423446.67,4437610.95) (0.00,-0.00,0.00) 
 45.60       7673    True     0     0 (423446.67,4437610.95) (0.00,-0.00,0.00) 
 45.70       7673    True     0     0 (423446.67,4437610.95) (0.00,-0.00,0.00) 
 45.80       7673    True     0     0 (423446.67,4437610.95) (0.00,-0.00,0.00) 
 45.90       7673    True     0     0 (423446.67,4437610.95) (0.02,-0.01,0.02) 
 46.00       7673    True     0     0 (423446.67,4437610.95) (0.04,-0.02,0.05) 
 46.10       7673    True     0     0 (423446.68,4437610.95) (0.06,-0.02,0.07) 
 46.20       7673    True     0     0 (423446.68,4437610.94) (0.08,-0.03,0.09) 
 46.30       7673    True     0     0 (423446.69,4437610.94) (0.10,-0.04,0.11) 
 46.40       7673    True     0     0 (423446.70,4437610.93) (0.13,-0.05,0.14) 
 46.50       7673    True     0     0 (423446.72,4437610.93) (0.15,-0.06,0.16) 
 46.60       7673    True     0     0 (423446.73,4437610.92) (0.17,-0.06,0.18) 
 46.74       7673   False     1    59 (423446.75,4437610.92) (0.19,-0.07,0.20) (423446.71,4437610.56)
 46.83       7673   False     1    59 (423446.77,4437610.91) (0.21,-0.08,0.22) (423446.73,4437610.56)
 46.95       7673   False     1    59 (423446.79,4437610.90) (0.23,-0.09,0.25) (423446.75,4437610.56)
 47.02       7673   False     1    59 (423446.82,4437610.89) (0.25,-0.10,0.27) (423446.77,4437610.56)
 47.13       7673   False     1    59 (423446.84,4437610.88) (0.27,-0.11,0.29) (423446.80,4437610.57)
 47.23       7673   False     1    59 (423446.87,4437610.87) (0.29,-0.11,0.32) (423446.82,4437610.57)
 47.33       7673   False     1    59 (423446.90,4437610.86) (0.31,-0.12,0.34) (423446.86,4437610.57)
 47.42       7673   False     1    59 (423446.93,4437610.85) (0.34,-0.13,0.36) (423446.89,4437610.57)
 47.54       7673   False     1    59 (423446.97,4437610.83) (0.36,-0.14,0.38) (423446.93,4437610.57)
 47.63       7673   False     1    59 (423447.01,4437610.82) (0.38,-0.15,0.41) (423446.96,4437610.57)
 47.72       7673   False     1    59 (423447.05,4437610.80) (0.40,-0.15,0.43) (423447.01,4437610.56)
 47.82       7673   False     1    59 (423447.09,4437610.79) (0.42,-0.16,0.45) (423447.05,4437610.56)
 47.92       7673   False     1    59 (423447.13,4437610.77) (0.44,-0.17,0.47) (423447.09,4437610.55)
 48.02       7673   False     1    59 (423447.17,4437610.75) (0.46,-0.18,0.50) (423447.14,4437610.54)
 48.13       7673   False     1    59 (423447.22,4437610.74) (0.48,-0.19,0.52) (423447.19,4437610.53)
 48.23       7673   False     1    59 (423447.27,4437610.72) (0.50,-0.19,0.54) (423447.23,4437610.52)
 48.33       7673   False     1    59 (423447.32,4437610.70) (0.52,-0.20,0.56) (423447.28,4437610.50)
 48.42       7673   False     1    59 (423447.38,4437610.68) (0.55,-0.21,0.59) (423447.33,4437610.49)
 48.52       7673   False     1    59 (423447.43,4437610.65) (0.57,-0.22,0.61) (423447.38,4437610.47)
 48.63       7673   False     1    59 (423447.49,4437610.63) (0.59,-0.23,0.63) (423447.44,4437610.45)
 48.72       7673   False     1    59 (423447.55,4437610.61) (0.61,-0.23,0.65) (423447.49,4437610.43)
 48.82       7673   False     1    59 (423447.61,4437610.59) (0.63,-0.24,0.67) (423447.55,4437610.41)
 48.92       7673   False     1    59 (423447.68,4437610.56) (0.65,-0.25,0.70) (423447.61,4437610.39)
 49.02       7673   False     1    59 (423447.74,4437610.54) (0.67,-0.26,0.72) (423447.68,4437610.37)
 49.13       7673   False     1    59 (423447.81,4437610.51) (0.69,-0.27,0.74) (423447.74,4437610.34)
 49.22       7673   False     1    59 (423447.88,4437610.48) (0.71,-0.27,0.76) (423447.81,4437610.32)
 49.32       7673   False     1    59 (423447.95,4437610.45) (0.73,-0.28,0.79) (423447.88,4437610.29)
 49.42       7673   False     1    59 (423448.03,4437610.43) (0.76,-0.29,0.81) (423447.95,4437610.26)
 49.52       7673   False     1    59 (423448.10,4437610.40) (0.78,-0.30,0.83) (423448.03,4437610.24)
 49.62       7673   False     1    59 (423448.18,4437610.37) (0.80,-0.31,0.85) (423448.10,4437610.21)
 49.72       7673   False     1    59 (423448.26,4437610.34) (0.82,-0.32,0.88) (423448.18,4437610.18)
 49.82       7673   False     1    59 (423448.35,4437610.30) (0.84,-0.32,0.90) (423448.26,4437610.15)
 49.92       7673   False     1    59 (423448.43,4437610.27) (0.86,-0.33,0.92) (423448.35,4437610.12)
 50.02       7673   False     1    59 (423448.52,4437610.24) (0.88,-0.34,0.94) (423448.43,4437610.09)
 50.14       7673   False     1    59 (423448.61,4437610.20) (0.90,-0.35,0.97) (423448.52,4437610.06)
 50.23       7673   False     1    59 (423448.70,4437610.17) (0.92,-0.36,0.99) (423448.61,4437610.03)
 50.32       7673   False     1    59 (423448.79,4437610.13) (0.94,-0.36,1.01) (423448.71,4437610.00)
 50.42       7673   False     1    59 (423448.89,4437610.09) (0.97,-0.37,1.03) (423448.80,4437609.96)
 50.52       7673   False     1    59 (423448.99,4437610.06) (0.99,-0.38,1.06) (423448.90,4437609.92)
 50.62       7673   False     1    59 (423449.09,4437610.02) (1.01,-0.39,1.08) (423449.00,4437609.89)
 50.73       7673   False     1    59 (423449.19,4437609.98) (1.03,-0.40,1.10) (423449.10,4437609.85)
 50.82       7673   False     1    59 (423449.29,4437609.94) (1.05,-0.40,1.12) (423449.20,4437609.82)
 50.92       7673   False     1    59 (423449.40,4437609.90) (1.07,-0.41,1.15) (423449.31,4437609.78)
 51.02       7673   False     1    59 (423449.51,4437609.86) (1.09,-0.42,1.17) (423449.42,4437609.74)
 51.13       7673   False     1    59 (423449.62,4437609.81) (1.11,-0.43,1.19) (423449.53,4437609.70)
 51.22       7673   False     1    59 (423449.73,4437609.77) (1.13,-0.44,1.21) (423449.65,4437609.66)
 51.32       7673   False     1    59 (423449.84,4437609.73) (1.15,-0.44,1.24) (423449.76,4437609.62)
 51.42       7673   False     1    59 (423449.96,4437609.68) (1.18,-0.45,1.26) (423449.88,4437609.57)
 51.54       7673   False     1    59 (423450.08,4437609.64) (1.20,-0.46,1.28) (423450.00,4437609.53)
 51.63       7673   False     1    59 (423450.20,4437609.59) (1.22,-0.47,1.30) (423450.11,4437609.48)
 51.73       7673   False     1    59 (423450.32,4437609.54) (1.24,-0.48,1.33) (423450.24,4437609.43)
 51.83       7673   False     1    59 (423450.45,4437609.50) (1.26,-0.48,1.35) (423450.36,4437609.39)
 51.92       7673   False     1    59 (423450.57,4437609.45) (1.28,-0.49,1.37) (423450.49,4437609.34)
 52.03       7673   False     1    59 (423450.70,4437609.40) (1.30,-0.50,1.39) (423450.62,4437609.29)
 52.13       7673   False     1    59 (423450.83,4437609.35) (1.32,-0.51,1.42) (423450.75,4437609.24)
 52.22       7673   False     1    59 (423450.97,4437609.30) (1.34,-0.52,1.44) (423450.88,4437609.19)
 52.33       7673   False     1    59 (423451.10,4437609.24) (1.36,-0.53,1.46) (423451.02,4437609.14)
 52.42       7673   False     1    59 (423451.24,4437609.19) (1.39,-0.53,1.48) (423451.15,4437609.09)
 52.52       7673   False     1    59 (423451.38,4437609.14) (1.41,-0.54,1.51) (423451.29,4437609.03)
 52.63       7673   False     1    59 (423451.52,4437609.08) (1.43,-0.55,1.53) (423451.43,4437608.98)
 52.72       7673   False     1    59 (423451.67,4437609.03) (1.45,-0.56,1.55) (423451.58,4437608.92)
 52.82       7673   False     1    59 (423451.81,4437608.97) (1.47,-0.57,1.57) (423451.72,4437608.87)
 52.93       7673   False     1    59 (423451.96,4437608.91) (1.49,-0.57,1.60) (423451.87,4437608.81)
 53.02       7673   False     1    59 (423452.11,4437608.86) (1.51,-0.58,1.62) (423452.01,4437608.75)
 53.12       7673   False     1    59 (423452.26,4437608.80) (1.53,-0.59,1.64) (423452.16,4437608.70)
 53.22       7673   False     1    59 (423452.42,4437608.74) (1.55,-0.60,1.66) (423452.32,4437608.64)
 53.33       7673   False     1    59 (423452.57,4437608.68) (1.57,-0.61,1.69) (423452.47,4437608.58)
 53.43       7673   False     1    59 (423452.73,4437608.62) (1.60,-0.61,1.71) (423452.62,4437608.51)
 53.53       7673   False     1    59 (423452.89,4437608.55) (1.62,-0.62,1.73) (423452.77,4437608.45)
 53.62       7673   False     1    59 (423453.05,4437608.49) (1.64,-0.63,1.75) (423452.93,4437608.38)
 53.72       7673   False     1    59 (423453.22,4437608.43) (1.66,-0.64,1.78) (423453.09,4437608.32)
 53.82       7673   False     1    59 (423453.39,4437608.36) (1.68,-0.65,1.80) (423453.25,4437608.25)
 53.92       7673   False     1    59 (423453.56,4437608.30) (1.70,-0.65,1.82) (423453.42,4437608.19)
 54.02       7673   False     1    59 (423453.73,4437608.23) (1.72,-0.66,1.84) (423453.59,4437608.12)
 54.12       7673   False     1    59 (423453.90,4437608.17) (1.74,-0.67,1.87) (423453.76,4437608.06)
 54.22       7673   False     1    59 (423454.07,4437608.10) (1.76,-0.68,1.89) (423453.94,4437607.99)
 54.32       7673   False     1    59 (423454.25,4437608.03) (1.78,-0.69,1.91) (423454.11,4437607.92)
 54.42       7673   False     1    59 (423454.43,4437607.96) (1.81,-0.69,1.93) (423454.29,4437607.85)
 54.52       7673   False     1    59 (423454.61,4437607.89) (1.83,-0.70,1.96) (423454.47,4437607.78)
 54.62       7673   False     1    59 (423454.80,4437607.82) (1.85,-0.71,1.98) (423454.64,4437607.71)
 54.72       7673   False     1    59 (423454.98,4437607.75) (1.87,-0.72,2.00) (423454.82,4437607.63)
 54.82       7673   False     1    59 (423455.17,4437607.68) (1.89,-0.73,2.02) (423455.01,4437607.56)
 54.92       7673   False     1    59 (423455.36,4437607.60) (1.91,-0.74,2.05) (423455.19,4437607.48)
 55.02       7673   False     1    59 (423455.55,4437607.53) (1.93,-0.74,2.07) (423455.38,4437607.40)
 55.12       7673   False     1    59 (423455.75,4437607.46) (1.95,-0.75,2.09) (423455.56,4437607.33)
 55.23       7673   False     1    59 (423455.94,4437607.38) (1.97,-0.76,2.11) (423455.76,4437607.25)
 55.32       7673   False     1    59 (423456.14,4437607.30) (1.99,-0.77,2.14) (423455.95,4437607.17)
 55.43       7673   False     1    59 (423456.34,4437607.23) (2.02,-0.78,2.16) (423456.15,4437607.10)
 55.52       7673   False     1    59 (423456.55,4437607.15) (2.04,-0.78,2.18) (423456.34,4437607.02)
 55.64       7673   False     1    59 (423456.75,4437607.07) (2.06,-0.79,2.20) (423456.55,4437606.94)
 55.72       7673   False     1    59 (423456.96,4437606.99) (2.08,-0.80,2.23) (423456.75,4437606.86)
 55.83       7673   False     1    59 (423457.17,4437606.91) (2.10,-0.81,2.25) (423456.95,4437606.78)
 55.92       7673   False     1    59 (423457.38,4437606.83) (2.12,-0.82,2.27) (423457.16,4437606.70)
 56.02       7673   False     1    59 (423457.59,4437606.75) (2.14,-0.82,2.29) (423457.37,4437606.61)
 56.12       7673   False     1    59 (423457.81,4437606.66) (2.16,-0.83,2.32) (423457.58,4437606.53)
 56.22       7673   False     1    59 (423458.02,4437606.58) (2.18,-0.84,2.34) (423457.79,4437606.44)
 56.33       7673   False     1    59 (423458.24,4437606.50) (2.20,-0.85,2.36) (423458.01,4437606.36)
 56.43       7673   False     1    59 (423458.46,4437606.41) (2.23,-0.86,2.38) (423458.22,4437606.27)
 56.52       7673   False     1    59 (423458.69,4437606.33) (2.25,-0.86,2.41) (423458.44,4437606.19)
 56.62       7673   False     1    59 (423458.91,4437606.24) (2.27,-0.87,2.43) (423458.66,4437606.11)
 56.72       7673   False     1    59 (423459.14,4437606.15) (2.29,-0.88,2.45) (423458.89,4437606.02)
 56.82       7673   False     1    59 (423459.37,4437606.06) (2.31,-0.89,2.47) (423459.11,4437605.93)
 56.92       7673   False     1    59 (423459.60,4437605.97) (2.33,-0.90,2.50) (423459.34,4437605.84)
 57.02       7673   False     1    59 (423459.84,4437605.88) (2.35,-0.90,2.52) (423459.57,4437605.75)
 57.12       7673   False     1    59 (423460.07,4437605.79) (2.37,-0.91,2.54) (423459.81,4437605.65)
 57.20       7673   False     1    60 (423460.31,4437605.70) (2.39,-0.92,2.56) (423460.31,4437605.70)
 57.30       7673   False     1    60 (423460.55,4437605.61) (2.41,-0.93,2.59) (423460.55,4437605.61)
 57.40       7673   False     1    60 (423460.79,4437605.51) (2.44,-0.94,2.61) (423460.79,4437605.51)
 57.50       7673   False     1    60 (423461.04,4437605.42) (2.46,-0.95,2.63) (423461.04,4437605.42)
 57.60       7673   False     1    60 (423461.29,4437605.33) (2.48,-0.95,2.65) (423461.29,4437605.33)
 57.70       7673   False     1    60 (423461.54,4437605.23) (2.50,-0.96,2.68) (423461.54,4437605.23)
 57.80       7673   False     1    60 (423461.79,4437605.13) (2.52,-0.97,2.70) (423461.79,4437605.13)
 57.90       7673   False     1    60 (423462.04,4437605.04) (2.54,-0.98,2.72) (423462.04,4437605.04)
 58.00       7673   False     1    60 (423462.29,4437604.94) (2.56,-0.99,2.74) (423462.29,4437604.94)
 58.10       7673   False     1    60 (423462.55,4437604.84) (2.58,-0.99,2.77) (423462.55,4437604.84)
 58.20       7673   False     1    60 (423462.81,4437604.74) (2.60,-1.00,2.79) (423462.81,4437604.74)
 58.30       7673   False     0     0 (423463.09,4437604.63) (2.80,-1.08,3.00) 
 58.40       7673   False     0     0 (423463.37,4437604.52) (2.80,-1.08,3.00) 
 58.50       7673   False     0     0 (423463.65,4437604.42) (2.80,-1.08,3.00) 
 58.60       7673   False     0     0 (423463.93,4437604.31) (2.80,-1.08,3.00) 
 58.70       7673   False     0     0 (423464.21,4437604.20) (2.80,-1.08,3.00) 
 58.80       7673   False     0     0 (423464.49,4437604.09) (2.80,-1.08,3.00) 
 58.90       7673   False     0     0 (423464.77,4437603.99) (2.80,-1.08,3.00) 
 59.00       7673   False     0     0 (423465.05,4437603.88) (2.80,-1.08,3.00) 
 59.10       7673   False     0     0 (423465.33,4437603.77) (2.80,-1.08,3.00) 
 59.20       7673   False     0     0 (423465.61,4437603.66) (2.80,-1.08,3.00) 
 59.30       7673   False     0     0 (423465.89,4437603.55) (2.80,-1.08,3.00) 
 59.40       7673   False     0     0 (423466.17,4437603.45) (2.80,-1.08,3.00) 
 59.50       7673   False     0     0 (423466.45,4437603.34) (2.80,-1.08,3.00) 
 59.60       7673   False     0     0 (423466.73,4437603.23) (2.80,-1.08,3.00) 
 59.70       7673   False     0     0 (423467.01,4437603.12) (2.80,-1.08,3.00) 
 59.80       7673   False     0     0 (423467.29,4437603.02) (2.80,-1.08,3.00) 
 59.90       7673   False     0     0 (423467.57,4437602.91) (2.80,-1.08,3.00) 
